0 0.169 0.273 0.057 0.059
0 0.167 0.458 0.078 0.116
0 0.305 0.494 0.046 0.052
0 0.313 0.335 0.046 0.052
0 0.299 0.324 0.044 0.053
0 0.370 0.338 0.039 0.053
0 0.357 0.328 0.047 0.059
0 0.398 0.351 0.041 0.052
0 0.407 0.366 0.041 0.059
0 0.443 0.338 0.031 0.050
0 0.523 0.325 0.041 0.062
0 0.501 0.319 0.047 0.059
0 0.580 0.337 0.032 0.041
0 0.553 0.520 0.064 0.055
0 0.609 0.545 0.058 0.062
0 0.520 0.606 0.072 0.073
0 0.401 0.705 0.072 0.064
0 0.488 0.742 0.077 0.064
0 0.312 0.765 0.126 0.125
0 0.597 0.793 0.068 0.048
0 0.599 0.780 0.066 0.055
