0 0.355 0.102 0.085 0.160
0 0.291 0.236 0.051 0.092
0 0.216 0.378 0.029 0.054
0 0.607 0.278 0.061 0.123
0 0.544 0.266 0.031 0.049
0 0.450 0.346 0.045 0.076
0 0.516 0.221 0.072 0.143
0 0.423 0.643 0.040 0.075
0 0.494 0.499 0.067 0.136
0 0.480 0.468 0.012 0.026
0 0.723 0.373 0.025 0.044
0 0.682 0.453 0.025 0.039
0 0.708 0.249 0.081 0.066
0 0.669 0.506 0.028 0.046
0 0.659 0.501 0.023 0.044
0 0.642 0.563 0.020 0.036
0 0.633 0.550 0.021 0.049
0 0.571 0.694 0.025 0.041
0 0.565 0.684 0.028 0.047
0 0.544 0.726 0.025 0.042
