0 0.578 0.817 0.061 0.038
0 0.525 0.782 0.044 0.026
0 0.506 0.768 0.056 0.032
0 0.516 0.707 0.029 0.021
0 0.482 0.722 0.036 0.023
0 0.442 0.737 0.039 0.027
0 0.410 0.746 0.028 0.022
0 0.374 0.720 0.027 0.069
0 0.523 0.620 0.068 0.037
0 0.461 0.642 0.051 0.034
0 0.591 0.549 0.038 0.027
0 0.557 0.560 0.029 0.018
0 0.486 0.577 0.027 0.018
0 0.438 0.595 0.029 0.021
0 0.396 0.611 0.049 0.028
0 0.344 0.630 0.051 0.030
0 0.470 0.433 0.081 0.049
0 0.404 0.455 0.036 0.026
0 0.346 0.476 0.084 0.046
0 0.380 0.313 0.026 0.051
0 0.345 0.849 0.028 0.041
0 0.282 0.822 0.038 0.031
0 0.232 0.799 0.020 0.049
0 0.191 0.746 0.038 0.033
0 0.173 0.710 0.044 0.035
0 0.152 0.689 0.032 0.025
0 0.144 0.657 0.041 0.028
0 0.141 0.619 0.037 0.024
0 0.124 0.575 0.030 0.024
